(33 11,3195998.856605884)
(33 125,1.0956736715653864E8)
(33 81,6.819665976838155E7)
(33 88,7.447747602811381E7)
(33 25,1.2222347727278518E7)
(33 60,4.788019821199921E7)
(33 95,8.119698632540117E7)
(33 67,5.546983997634922E7)
(33 74,6.159107743067384E7)
(33 46,3.1479061591398705E7)
(33 53,3.9526688234392695E7)
(33 39,2.4733115182840094E7)
(33 18,6997615.481797219)
(33 1,95221.33559709864)
(33 111,9.625142111106803E7)
(33 32,1.8302599481114767E7)
(33 118,1.0265934257003273E8)
(33 104,8.94233263710471E7)
(33 8,1838318.8952709257)
