(33 69,5.7251505614009105E7)
(33 62,5.047165834035131E7)
(33 127,1.1091322909009114E8)
(33 27,1.3965248101786708E7)
(33 41,2.6621659676772453E7)
(33 106,9.128372713774215E7)
(33 90,7.630710700767049E7)
(33 83,7.005949609079581E7)
(33 3,427751.3287796177)
(33 20,8320141.967838945)
(33 13,4220055.979783478)
(33 76,6.343692020076082E7)
(33 48,3.3651576898957714E7)
(33 34,1.996815991991414E7)
(33 113,9.811832016867507E7)
(33 120,1.0459995646213773E8)
(33 55,4.1951553709597036E7)
(33 97,8.303477146326543E7)
