(33 14,4688542.467949469)
(33 28,1.465477865292705E7)
(33 114,9.88545175417888E7)
(33 49,3.4961014543343656E7)
(33 63,5.188214184212256E7)
(33 70,5.7952054365631975E7)
(33 77,6.452834339049696E7)
(33 107,9.246326746497966E7)
(33 91,7.746795348335412E7)
(33 121,1.0574301370351566E8)
(33 21,9158469.331837984)
(33 56,4.2882192857573174E7)
(33 100,8.56590028746161E7)
(33 42,2.7389470005452923E7)
(33 84,7.077560259112506E7)
(33 35,2.1054195077482276E7)
(33 98,8.376034223859723E7)
(33 4,591074.1175921105)
