(33 5,902221.0016183886)
(33 115,1.0004234591406299E8)
(33 50,3.582903129476587E7)
(33 101,8.6782057835802E7)
(33 57,4.434966332495722E7)
(33 36,2.174238264390737E7)
(33 92,7.818904964605068E7)
(33 108,9.319556802242154E7)
(33 85,7.18799367089053E7)
(33 29,1.5773384310068922E7)
(33 43,2.8633931230301313E7)
(33 22,9726629.455489112)
(33 78,6.523570870904045E7)
(33 99,8.493089327345401E7)
(33 64,5.257490445590235E7)
(33 122,1.0648538711650594E8)
(33 15,5410966.845402574)
(33 71,5.909360166652011E7)
