(33 19,7805471.579868583)
(33 105,9.055098721880285E7)
(33 112,9.698464119584914E7)
(33 33,1.9301268445298217E7)
(33 12,3574030.335940888)
(33 40,2.5466966671348564E7)
(33 75,6.2729660741048135E7)
(33 68,5.617041009583867E7)
(33 119,1.0386087539548758E8)
(33 9,2296916.5515642897)
(33 82,6.890923191207041E7)
(33 54,4.0446567363326065E7)
(33 61,4.9437203837597586E7)
(33 89,7.558657646976435E7)
(33 26,1.2875855023374017E7)
(33 96,8.191860476273012E7)
(33 126,1.1030830331374252E8)
(33 47,3.2823421603027843E7)
(33 2,204800.29392177614)
