(33 110,9.505710607079229E7)
(33 52,3.813535881101345E7)
(33 45,3.0655556468823496E7)
(33 103,8.869406488259113E7)
(33 59,4.689077763607607E7)
(33 87,7.376068238558152E7)
(33 117,1.0192124087641893E8)
(33 10,2627142.9936557338)
(33 38,2.3548553714765698E7)
(33 94,8.002064500925808E7)
(33 66,5.434420051276221E7)
(33 73,6.088405926112761E7)
(33 7,1579409.5435035168)
(33 80,6.7099678037457E7)
(33 17,6519421.777189512)
(33 31,1.7681106200310074E7)
(33 24,1.1251774980831064E7)
(33 0,4718.946005252111)
(33 124,1.0842325298486847E8)
