3.4703135097295874E-4,
4.372476977137064E-4,
5.509223345431834E-4,
6.941579497279301E-4,
8.746466145597403E-4,
0.001102084759905178,
0.0013886971107004125,
0.0017498985459227247,
0.0022051307637367974,
0.002778920827941715,
0.0035022218828399863,
0.0044141135523972285,
0.005563962184655601,
0.007014171145401028,
0.00884369166253092,
0.01115251946750851,
0.014067477945134715,
0.01774969425441626,
0.022404325805304277,
0.028293314196592263,
0.0357522705279272,
0.0452130932510991,
0.05723469452273289,
0.07254544839182261,
0.09210300096225367,
0.11718048966120737,
0.14949409904414496,
0.19139730711996303,
0.24618618314730026,
0.31859575753736147,
0.4156364468864455,
0.5480572902967952,
0.7330078896465784,
3.970997034416628,
1.3963189992247622,
2.016899238782621,
3.0402930402930304,
4.836681120672757,
8.216457259295812,
15.062271062271023,
30.00307757776156,
65.02246949248331,
152.55677655678016,
383.6889186859258,
1021.7698897739695,
2845.6556776556595,
8198.764456231243,
24223.88009954545,
72904.90842490828,
222398.64215914393,
685175.33523486,
2126342.09523812,
6634512.633838411,
2.0784380367586985E7,
6.5310825963370375E7,
2.057005302377578E8,
6.490106505859683E8,
2.0504901898314927E9,
6.485142878588993E9,
2.052748651191978E10,
6.501723419194144E10,
